12.10
12.10b
12.11
12.12
12.12B
12.12b
12.13
12.14
12.15
12.16
12.17
12.18
12.19
12.2
12.20
12.21
12.22
12.23
12.3
12.4
12.5
12.6
12.7
12.8
12.9
13.1
13.10
13.11
13.12
13.13
13.14
13.15
13.16
13.17
13.18
13.19
13.1B
13.1b
13.20
13.21
13.24
13.3
13.4
13.5
13.6
13.7
13.8
14.1
14.10
14.11
14.12
14.13
14.14
14.15
14.16
14.17
14.18
14.19
14.1B
14.1b
14.2
14.20
14.21
14.22
14.23
14.24
14.3
14.4
14.5
14.6
14.7
14.8
14.9
25.04
25.05
25.06
25.07
25.08
25.09
25.10
25.11
25.12
25.13
25.14
25.15
25.16
25.17
25.18
25.19
25.S1.1
25.S1.2
25.S1.3
7.1
7.10
7.11
7.12
7.13
7.14
7.15
7.16
7.17
7.18
7.2
7.22
7.3
7.4
7.5
7.6
7.7
7.8
7.9
8.1
8.10
8.11
8.12
8.13
8.14
8.15
8.16
8.17
8.18
8.19
8.2
8.21
8.22
8.23
8.24
8.24b
8.3
8.4
8.5
8.6
8.7
8.8
8.9
9.1
9.10
9.11
9.12
9.13
9.14
9.15
9.16
9.17
9.18
9.19
9.2
9.20
9.21
9.22
9.23
9.24
9.24b
9.3
9.4
9.5
9.6
9.7
9.8
9.9